0.1 9.63607e+10
0.1018 -1.18984e-10
0.1036 5.82303e+09
0.1054 1.82439e+10
0.1072 2.89991e+10
0.109 3.72913e+10
0.1108 4.36573e+10
0.1126 4.86315e+10
0.1144 5.26029e+10
0.1162 5.58406e+10
0.118 5.85311e+10
0.1198 6.08053e+10
0.1216 6.27567e+10
0.1234 6.44536e+10
0.1252 6.59466e+10
0.127 6.72737e+10
0.1288 6.84642e+10
0.1306 6.95406e+10
0.1324 7.05207e+10
0.1342 7.14189e+10
0.136 7.22464e+10
0.1378 7.30127e+10
0.1396 7.37253e+10
0.1414 7.43907e+10
0.1432 7.50142e+10
0.145 7.56003e+10
0.1468 7.61528e+10
0.1486 7.66751e+10
0.1504 7.71699e+10
0.1522 7.76397e+10
0.154 7.80867e+10
0.1558 7.85128e+10
0.1576 7.89196e+10
0.1594 7.93087e+10
0.1612 7.96813e+10
0.163 8.00387e+10
0.1648 8.03818e+10
0.1666 8.07117e+10
0.1684 8.10292e+10
0.1702 8.13351e+10
0.172 8.16302e+10
0.1738 8.19149e+10
0.1756 8.21901e+10
0.1774 8.24562e+10
0.1792 8.27137e+10
0.181 8.29631e+10
0.1828 8.32048e+10
0.1846 8.34393e+10
0.1864 8.36668e+10
0.1882 8.38877e+10
0.19 8.41025e+10
0.1918 8.43112e+10
0.1936 8.45144e+10
0.1954 8.47121e+10
0.1972 8.49046e+10
0.199 8.50923e+10
0.2008 8.52752e+10
0.2026 8.54536e+10
0.2044 8.56278e+10
0.2062 8.57978e+10
0.208 8.59638e+10
0.2098 8.61261e+10
0.2116 8.62847e+10
0.2134 8.64398e+10
0.2152 8.65916e+10
0.217 8.67402e+10
0.2188 8.68856e+10
0.2206 8.70281e+10
0.2224 8.71678e+10
0.2242 8.73047e+10
0.226 8.7439e+10
0.2278 8.75707e+10
0.2296 8.76999e+10
0.2314 8.78268e+10
0.2332 8.79515e+10
0.235 8.80739e+10
0.2368 8.81943e+10
0.2386 8.83126e+10
0.2404 8.8429e+10
0.2422 8.85435e+10
0.244 8.86562e+10
0.2458 8.87672e+10
0.2476 8.88765e+10
0.2494 8.89842e+10
0.2512 8.90903e+10
0.253 8.91949e+10
0.2548 8.92981e+10
0.2566 8.94e+10
0.2584 8.95005e+10
0.2602 8.95997e+10
0.262 8.96977e+10
0.2638 8.97946e+10
0.2656 8.98903e+10
0.2674 8.9985e+10
0.2692 9.00787e+10
0.271 9.01713e+10
0.2728 9.02631e+10
0.2746 9.0354e+10
0.2764 9.0444e+10
0.2782 9.05332e+10
0.28 9.06217e+10
0.2818 9.07095e+10
0.2836 9.07966e+10
0.2854 9.08831e+10
0.2872 9.0969e+10
0.289 9.10543e+10
0.2908 9.11392e+10
0.2926 9.12236e+10
0.2944 9.13076e+10
0.2962 9.13912e+10
0.298 9.14745e+10
0.2998 9.15576e+10
0.3016 9.16403e+10
0.3034 9.17229e+10
0.3052 9.18054e+10
0.307 9.18877e+10
0.3088 9.19699e+10
0.3106 9.20522e+10
0.3124 9.21345e+10
0.3142 9.22169e+10
0.316 9.22994e+10
0.3178 9.23821e+10
0.3196 9.2465e+10
0.3214 9.25483e+10
0.3232 9.26319e+10
0.325 9.27159e+10
0.3268 9.28005e+10
0.3286 9.28855e+10
0.3304 9.29712e+10
0.3322 9.30576e+10
0.334 9.31448e+10
0.3358 9.32328e+10
0.3376 9.33218e+10
0.3394 9.34118e+10
0.3412 9.35029e+10
0.343 9.35952e+10
0.3448 9.36889e+10
0.3466 9.37841e+10
0.3484 9.38808e+10
0.3502 9.39792e+10
0.352 9.40795e+10
0.3538 9.41819e+10
0.3556 9.42864e+10
0.3574 9.43933e+10
0.3592 9.45028e+10
0.361 9.4615e+10
0.3628 9.47303e+10
0.3646 9.48489e+10
0.3664 9.49711e+10
0.3682 9.50973e+10
0.37 9.52276e+10
0.3718 9.53627e+10
0.3736 9.55029e+10
0.3754 9.56487e+10
0.3772 9.58007e+10
0.379 9.59594e+10
0.3808 9.61257e+10
0.3826 9.63004e+10
0.3844 9.64843e+10
0.3862 9.66786e+10
0.388 9.68846e+10
0.3898 9.71036e+10
0.3916 9.73375e+10
0.3934 9.75882e+10
0.3952 9.78582e+10
0.397 9.81505e+10
0.3988 9.84684e+10
0.4006 9.88164e+10
0.4024 9.91999e+10
0.4042 9.96256e+10
0.406 1.00102e+11
0.4078 1.0064e+11
0.4096 1.01255e+11
0.4114 1.01966e+11
0.4132 1.028e+11
0.415 1.03796e+11
0.4168 1.05008e+11
0.4186 1.06524e+11
0.4204 1.0848e+11
0.4222 1.11111e+11
0.424 1.14858e+11
0.4258 1.20649e+11
0.4276 1.3084e+11
0.4294 1.53682e+11
0.4312 2.52436e+11
0.433 -1.4199e+11
0.4348 2.70957e+10
0.4366 5.53552e+10
0.4384 6.70426e+10
0.4402 7.34583e+10
0.442 7.75323e+10
0.4438 8.03636e+10
0.4456 8.24571e+10
0.4474 8.40777e+10
0.4492 8.53774e+10
0.451 8.645e+10
0.4528 8.73564e+10
0.4546 8.81381e+10
0.4564 8.88243e+10
0.4582 8.94361e+10
0.46 8.99895e+10
0.4618 9.04966e+10
0.4636 9.09668e+10
0.4654 9.1408e+10
0.4672 9.18263e+10
0.469 9.2227e+10
0.4708 9.26148e+10
0.4726 9.29936e+10
0.4744 9.33674e+10
0.4762 9.37395e+10
0.478 9.41135e+10
0.4798 9.44928e+10
0.4816 9.48813e+10
0.4834 9.52829e+10
0.4852 9.57022e+10
0.487 9.61444e+10
0.4888 9.66156e+10
0.4906 9.71233e+10
0.4924 9.76769e+10
0.4942 9.82882e+10
0.496 9.89727e+10
0.4978 9.97511e+10
0.4996 1.00652e+11
0.5014 1.01715e+11
0.5032 1.02999e+11
0.505 1.04596e+11
0.5068 1.06653e+11
0.5086 1.09423e+11
0.5104 1.13393e+11
0.5122 1.19613e+11
0.514 1.30858e+11
0.5158 1.5766e+11
0.5176 3.08046e+11
0.5194 -7.07771e+10
0.5212 3.37387e+10
0.523 5.69341e+10
0.5248 6.71848e+10
0.5266 7.29922e+10
0.5284 7.67506e+10
0.5302 7.93961e+10
0.532 8.13702e+10
0.5338 8.29083e+10
0.5356 8.41474e+10
0.5374 8.51728e+10
0.5392 8.60403e+10
0.541 8.67881e+10
0.5428 8.74431e+10
0.5446 8.80248e+10
0.5464 8.85479e+10
0.5482 8.90236e+10
0.55 8.94604e+10
0.5518 8.98653e+10
0.5536 9.02438e+10
0.5554 9.06003e+10
0.5572 9.09387e+10
0.559 9.1262e+10
0.5608 9.1573e+10
0.5626 9.1874e+10
0.5644 9.21671e+10
0.5662 9.24542e+10
0.568 9.27369e+10
0.5698 9.30168e+10
0.5716 9.32955e+10
0.5734 9.35743e+10
0.5752 9.38549e+10
0.577 9.41387e+10
0.5788 9.44271e+10
0.5806 9.47219e+10
0.5824 9.50248e+10
0.5842 9.53378e+10
0.586 9.56629e+10
0.5878 9.60026e+10
0.5896 9.63598e+10
0.5914 9.67377e+10
0.5932 9.71404e+10
0.595 9.75725e+10
0.5968 9.80399e+10
0.5986 9.85497e+10
0.6004 9.91112e+10
0.6022 9.97361e+10
0.604 1.0044e+11
0.6058 1.01243e+11
0.6076 1.02173e+11
0.6094 1.03272e+11
0.6112 1.04598e+11
0.613 1.06242e+11
0.6148 1.08349e+11
0.6166 1.11171e+11
0.6184 1.15184e+11
0.6202 1.21408e+11
0.622 1.32498e+11
0.6238 1.58228e+11
0.6256 2.87773e+11
0.6274 -9.22316e+10
0.6292 3.2105e+10
0.631 5.74519e+10
0.6328 6.8481e+10
0.6346 7.4731e+10
0.6364 7.88146e+10
0.6382 8.17404e+10
0.64 8.39814e+10
0.6418 8.57902e+10
0.6436 8.73155e+10
0.6454 8.86524e+10
0.6472 8.98659e+10
0.649 9.10048e+10
0.6508 9.21085e+10
0.6526 9.32126e+10
0.6544 9.43531e+10
0.6562 9.55703e+10
0.658 9.69146e+10
0.6598 9.84545e+10
0.6616 1.00292e+11
0.6634 1.02588e+11
0.6652 1.05624e+11
0.667 1.09944e+11
0.6688 1.16758e+11
0.6706 1.29445e+11
0.6724 1.62339e+11
0.6742 4.76873e+11
0.676 -2.7193e+10
0.6778 3.91759e+10
0.6796 5.77189e+10
0.6814 6.65091e+10
0.6832 7.16794e+10
0.685 7.51101e+10
0.6868 7.75705e+10
0.6886 7.94341e+10
0.6904 8.09042e+10
0.6922 8.21009e+10
0.694 8.30998e+10
0.6958 8.39511e+10
0.6976 8.46892e+10
0.6994 8.53386e+10
0.7012 8.59172e+10
0.703 8.64387e+10
0.7048 8.69131e+10
0.7066 8.73487e+10
0.7084 8.77517e+10
0.7102 8.81274e+10
0.712 8.84798e+10
0.7138 8.88125e+10
0.7156 8.91284e+10
0.7174 8.94299e+10
0.7192 8.97191e+10
0.721 8.99979e+10
0.7228 9.0268e+10
0.7246 9.05307e+10
0.7264 9.07873e+10
0.7282 9.1039e+10
0.73 9.1287e+10
0.7318 9.15323e+10
0.7336 9.17758e+10
0.7354 9.20186e+10
0.7372 9.22616e+10
0.739 9.25057e+10
0.7408 9.27521e+10
0.7426 9.30016e+10
0.7444 9.32555e+10
0.7462 9.35148e+10
0.748 9.37809e+10
0.7498 9.40553e+10
0.7516 9.43395e+10
0.7534 9.46354e+10
0.7552 9.49451e+10
0.757 9.52711e+10
0.7588 9.56162e+10
0.7606 9.59841e+10
0.7624 9.63789e+10
0.7642 9.68059e+10
0.766 9.72714e+10
0.7678 9.77838e+10
0.7696 9.83534e+10
0.7714 9.89941e+10
0.7732 9.97241e+10
0.775 1.00569e+11
0.7768 1.01563e+11
0.7786 1.02759e+11
0.7804 1.04233e+11
0.7822 1.06111e+11
0.784 1.08599e+11
0.7858 1.12082e+11
0.7876 1.17348e+11
0.7894 1.2632e+11
0.7912 1.45233e+11
0.793 2.12196e+11
0.7948 -3.3557e+11
0.7966 1.66823e+10
0.7984 5.13376e+10
0.8002 6.45258e+10
0.802 7.15183e+10
0.8038 7.58786e+10
0.8056 7.88779e+10
0.8074 8.10829e+10
0.8092 8.27846e+10
0.811 8.41478e+10
0.8128 8.5273e+10
0.8146 8.62248e+10
0.8164 8.70468e+10
0.8182 8.77697e+10
0.82 8.84153e+10
0.8218 8.90002e+10
0.8236 8.95367e+10
0.8254 9.00346e+10
0.8272 9.05016e+10
0.829 9.09439e+10
0.8308 9.13668e+10
0.8326 9.17746e+10
0.8344 9.21712e+10
0.8362 9.256e+10
0.838 9.2944e+10
0.8398 9.33261e+10
0.8416 9.37092e+10
0.8434 9.4096e+10
0.8452 9.44894e+10
0.847 9.48923e+10
0.8488 9.5308e+10
0.8506 9.57401e+10
0.8524 9.61926e+10
0.8542 9.66703e+10
0.856 9.71788e+10
0.8578 9.77249e+10
0.8596 9.83168e+10
0.8614 9.89653e+10
0.8632 9.96837e+10
0.865 1.0049e+11
0.8668 1.01408e+11
0.8686 1.02471e+11
0.8704 1.03726e+11
0.8722 1.05245e+11
0.874 1.07136e+11
0.8758 1.09581e+11
0.8776 1.12903e+11
0.8794 1.17737e+11
0.8812 1.25538e+11
0.883 1.40521e+11
0.8848 1.82199e+11
0.8866 1.03266e+12
0.8884 -1.09686e+10
0.8902 4.56969e+10
0.892 6.35405e+10
0.8938 7.24761e+10
0.8956 7.79941e+10
0.8974 8.18698e+10
0.8992 8.48595e+10
0.901 8.73498e+10
0.9028 8.95707e+10
0.9046 9.16838e+10
0.9064 9.38266e+10
0.9082 9.61458e+10
0.91 9.88344e+10
0.9118 1.02198e+11
0.9136 1.06803e+11
0.9154 1.13902e+11
0.9172 1.27019e+11
0.919 1.61583e+11
0.9208 5.75844e+11
0.9226 -1.93392e+10
0.9244 3.98501e+10
0.9262 5.72651e+10
0.928 6.56989e+10
0.9298 7.07327e+10
0.9316 7.4113e+10
0.9334 7.65631e+10
0.9352 7.84367e+10
0.937 7.99276e+10
0.9388 8.11513e+10
0.9406 8.21804e+10
0.9424 8.30636e+10
0.9442 8.38342e+10
0.946 8.45163e+10
0.9478 8.51275e+10
0.9496 8.5681e+10
0.9514 8.61871e+10
0.9532 8.66537e+10
0.955 8.70871e+10
0.9568 8.74926e+10
0.9586 8.78743e+10
0.9604 8.82358e+10
0.9622 8.85799e+10
0.964 8.89093e+10
0.9658 8.9226e+10
0.9676 8.9532e+10
0.9694 8.98288e+10
0.9712 9.01181e+10
0.973 9.04011e+10
0.9748 9.06791e+10
0.9766 9.09532e+10
0.9784 9.12245e+10
0.9802 9.1494e+10
0.982 9.17628e+10
0.9838 9.20318e+10
0.9856 9.2302e+10
0.9874 9.25745e+10
0.9892 9.28504e+10
0.991 9.31307e+10
0.9928 9.34166e+10
0.9946 9.37095e+10
0.9964 9.40107e+10
0.9982 9.43219e+10
